audiences_index_column=auditorium_number
before_runs=[0.05499170001712628, 0.05584880002425052, 0.08264360000612214, 0.053132400003960356, 0.05956900000455789]
after_runs=[0.043488900002557784, 0.045451400015736, 0.07371830000192858, 0.051578200014773756, 0.042738999996799976]
before_avg_sec=0.0612
after_avg_sec=0.0514
improvement_pct=16.07
